kurzhaar
96 5 0
50 0 0
2 48 0
40 11 0
10 96 4
2 97 2
31 20 5
7 44 2
0 0 0
0 0 0
0 0 0
0 0 0
labrador
84 15 1
80 19 1
5 94 1
8 92 0
0 100 0
0 100 0
25 75 5
75 25 0
0 0 0
0 0 0
0 0 0
0 0 0
dachshund
1 52 0
50 2 0
54 0 0
45 7 1
2 98 0
2 50 0
23 31 5
5 47 0
0 0 0
0 0 0
0 0 0
0 0 0
german shepherd
91 8 0
0 100 0
2 97 1
35 60 5
3 95 2
5 95 0
50 50 20
98 2 0
0 0 0
0 0 0
0 0 0
0 0 0
weimaraner
59 0 0
59 1 0
3 56 0
0 62 0
0 60 0
62 1 0
65 0 0
58 31 0
1 0 0
0 1 0
3 0 0
0 1 0
cocker spaniel
25 65 10
98 1 1
15 85 0
85 15 0
0 100 0
0 100 0
5 95 5
20 80 2
0 0 0
0 0 0
0 0 0
0 0 0
border collie
36 56 15
50 50 10
2 101 0
0 101 0
100 1 0
0 101 0
35 56 10
95 5 5
0 0 0
0 0 0
0 0 0
0 0 0
standard poodle
12 41 0
44 7 5
12 40 0
2 49 2
31 20 1
35 17 1
43 8 2
45 5 2
0 2 0
0 2 0
2 0 0
0 2 0
bulgarian barak
68 0 0
80 0 0
0 56 0
94 0 0
0 68 0
0 56 0
2 78 0
50 42 0
0 0 0
0 0 0
0 0 0
0 0 0
san bernard
7 0 0
7 0 0
0 5 0
6 0 0
0 6 0
0 8 0
0 4 12
0 2 6
1 0 0
0 1 0
0 1 0
1 0 0
